H 49 21 54 35 23 38 50 17 22 20 33 47 26 50 38 18 24 17 34 49 31 22 21 39 48 22 45 35 53 22
H 32 57 19 35 55 20 24 50 28 25 50 22 18 23 34 18 34 16 32 38 33 20 48 36 19 20 20 49 30 18
H 27 47 20 37 50 20 15 35 38 47 23 18 37 22 42 21 49 35 47 20 49 21 37 15 37 47 48 19 44 38
H 22 17 29 38 18 21 47 50 54 21 48 23 45 30 20 32 13 34 53 22 35 51 34 26 35 25 37 16 24 13
H 55 38 25 23 32 54 33 32 21 34 47 34 36 55 28 49 22 16 50 33 52 19 33 47 35 52 35 55 18 37
H 16 32 33 22 24 46 46 23 35 18 52 21 15 50 14 35 50 38 49 27 52 22 36 57 31 35 20 23 33 50
H 16 40 15 36 18 32 20 50 47 41 55 18 48 30 40 18 23 23 51 33 19 46 18 33 53 17 32 37 49 20
H 36 20 22 23 51 49 32 24 18 16 20 53 50 32 53 57 35 35 13 35 18 39 21 38 53 37 38 51 19 17
H 51 51 16 26 37 21 52 31 17 17 19 52 17 35 49 41 21 36 55 31 47 37 50 52 25 37 17 17 42 45
H 24 34 34 44 40 49 36 23 39 51 19 31 39 21 34 51 22 18 35 51 20 51 16 54 43 18 35 24 39 53
H 23 55 19 18 53 38 56 37 22 20 20 18 34 53 16 42 18 23 53 34 19 20 34 20 21 16 36 50 16 45
H 54 25 36 17 53 37 20 51 22 32 50 23 20 48 24 27 22 47 51 18 47 18 39 14 30 30 26 20 35 50
H 30 14 34 52 19 34 21 28 35 34 34 16 32 49 18 33 52 24 51 51 18 43 45 19 41 54 35 17 31 49
H 15 38 18 49 33 35 53 46 41 18 22 50 21 34 37 36 50 50 31 53 32 46 21 16 36 52 17 49 24 51
H 35 55 25 32 34 52 19 53 50 19 17 19 18 56 21 21 35 54 40 49 39 50 20 22 49 23 33 22 20 33
H 36 18 18 40 14 37 24 49 45 52 47 18 36 39 21 37 46 36 44 16 35 52 22 34 37 52 18 20 40 20
H 49 35 23 52 17 36 19 50 20 31 20 34 46 33 52 19 34 54 23 33 54 30 46 34 50 34 18 17 52 51
H 54 50 21 24 52 34 39 17 34 21 36 20 38 25 52 18 16 46 24 22 51 48 20 36 22 47 34 49 18 29
H 22 32 25 33 20 21 44 20 34 36 19 50 13 46 37 49 17 32 51 39 31 24 29 23 47 21 39 16 57 19
H 46 33 18 39 18 50 16 50 17 41 34 46 20 48 49 49 23 33 18 20 54 18 21 23 17 37 37 54 34 37
H 17 48 32 12 39 47 28 48 34 46 22 34 22 52 21 20 50 55 22 31 25 50 19 35 42 22 32 49 35 19
H 50 36 19 35 20 37 16 18 34 47 22 50 21 23 46 50 18 30 47 20 50 17 25 36 24 36 24 33 16 18
H 52 52 21 54 24 24 35 52 48 23 15 52 19 37 32 33 21 29 22 52 53 44 39 47 17 54 34 21 52 22
H 15 38 22 34 36 16 55 13 37 52 22 20 33 47 48 37 36 34 49 18 29 33 44 46 24 17 21 18 38 34
H 53 47 18 21 33 13 23 49 48 50 36 31 48 37 21 22 22 51 21 23 36 55 18 48 18 37 17 52 20 23
H 21 19 33 21 50 20 51 20 45 19 49 16 48 15 55 18 17 19 49 18 39 50 18 54 37 54 22 54 37 47
H 20 56 15 36 25 36 40 48 32 37 20 52 37 31 34 37 49 53 37 53 20 49 31 53 21 50 51 19 49 42
H 24 48 48 21 42 34 45 33 27 20 48 19 17 48 27 17 51 33 51 18 51 51 35 21 20 36 49 47 17 27
H 18 49 38 33 55 16 20 32 13 49 19 19 42 34 33 15 33 52 58 49 37 28 18 47 47 22 16 17 36 49
H 40 21 18 53 26 47 18 30 45 23 37 46 36 49 32 32 49 21 32 32 22 24 49 16 33 47 34 21 34 37
H 48 55 19 52 20 49 20 37 53 19 36 20 37 23 50 51 55 31 37 49 15 25 23 16 22 50 18 52 18 43
H 45 18 53 13 19 44 35 48 17 34 48 23 33 35 39 49 21 48 21 54 32 18 29 51 23 31 22 33 22 46
H 36 18 48 36 19 50 18 34 46 17 21 50 22 51 37 38 18 33 47 53 34 22 44 31 48 24 51 21 33 28
H 25 35 53 19 37 19 48 52 20 46 15 51 23 39 53 24 36 53 24 55 19 23 14 38 53 17 23 24 25 52
H 16 22 47 48 22 54 23 15 22 34 52 51 19 18 35 46 27 37 36 19 19 38 53 48 22 38 26 23 31 52
H 22 19 35 47 39 27 34 31 34 52 50 33 17 23 50 19 19 34 52 32 50 49 32 20 49 22 41 49 34 46
H 20 17 31 22 45 48 22 38 38 13 37 49 36 49 24 58 36 20 37 19 37 55 24 31 15 35 19 56 19 37
H 16 54 53 50 34 45 18 35 51 34 34 53 20 36 49 16 50 18 16 23 35 55 11 51 17 32 17 51 20 18
H 22 50 22 28 51 50 34 30 49 21 21 14 18 31 22 34 38 36 19 49 20 37 30 23 22 51 49 22 37 51
H 20 50 36 16 27 26 38 36 19 53 18 35 33 46 49 33 49 34 50 18 24 20 16 50 20 37 51 17 16 36
H 51 20 33 26 32 37 38 14 42 34 18 22 21 37 48 17 49 18 23 54 30 52 42 50 17 34 16 42 38 22
H 51 20 24 22 37 52 30 44 34 23 32 21 53 22 19 33 37 19 33 23 31 49 25 33 44 33 21 53 48 31
H 50 20 18 57 20 41 50 45 19 23 30 20 54 49 22 39 36 50 35 21 19 38 51 18 35 25 31 50 49 30
H 34 32 22 30 49 22 50 48 25 21 57 51 20 32 55 21 56 19 24 34 48 52 36 53 48 19 56 21 21 48
H 20 17 38 49 20 47 32 22 32 54 53 35 32 53 46 33 22 39 39 51 28 36 24 32 49 46 17 53 19 46
H 38 13 19 15 28 52 18 32 18 42 15 20 32 34 19 49 21 22 35 32 21 32 34 33 45 52 51 36 19 35
H 47 50 35 52 34 47 13 37 18 23 20 35 35 15 21 36 34 35 48 35 35 52 20 24 47 32 52 12 50 41
H 49 17 32 52 21 38 21 20 53 53 23 31 33 50 15 43 22 48 37 20 35 21 17 50 23 23 28 48 49 19
H 21 35 23 20 36 46 49 17 32 54 23 21 14 42 19 16 48 40 47 21 38 19 35 50 22 35 47 32 46 36
H 28 22 55 20 45 18 52 41 48 34 51 19 39 50 18 48 54 20 17 34 18 41 51 32 47 23 55 16 16 22
H 23 39 37 50 42 33 25 42 48 18 33 57 36 15 24 49 33 48 37 20 51 22 57 48 36 18 14 22 34 34
H 51 17 34 51 19 51 17 18 32 19 47 19 35 19 35 25 25 34 23 30 32 52 46 20 39 20 53 50 34 23
H 32 53 18 29 35 47 19 33 36 56 37 17 34 51 21 19 20 38 51 53 23 47 18 25 19 59 35 49 37 36
H 49 17 50 12 32 47 22 41 23 14 15 17 35 20 18 35 36 22 21 49 23 36 40 51 14 22 51 19 24 19
H 20 38 22 47 35 50 52 52 38 23 22 52 24 54 19 35 18 30 12 25 50 54 21 20 51 18 35 22 30 18
H 14 33 18 38 32 53 21 16 20 30 53 22 49 20 53 49 15 46 21 32 18 54 35 54 32 17 36 49 18 33
H 54 15 38 31 20 39 34 23 36 52 33 58 36 49 52 35 23 36 17 39 21 34 22 47 20 33 17 16 27 20
H 48 22 38 19 55 23 35 33 39 22 34 50 26 39 20 54 36 54 37 31 36 23 14 18 49 21 37 39 23 39
H 46 52 18 37 51 16 48 55 32 20 51 16 32 20 53 22 51 33 38 20 54 37 44 23 38 17 22 18 32 21
H 13 19 24 35 53 44 35 52 34 22 34 18 30 51 58 37 19 39 39 52 35 30 18 20 32 26 48 21 21 21
H 46 52 32 23 51 21 49 16 51 22 47 17 21 19 40 22 19 34 21 31 23 39 36 50 22 34 49 23 23 35
H 33 21 32 35 50 34 21 30 18 46 41 17 35 32 18 53 23 38 29 53 18 54 21 20 23 21 47 20 34 51
H 32 50 13 33 21 52 28 47 54 23 36 24 52 35 23 19 21 21 20 48 15 22 35 51 30 50 19 53 34 38
H 20 46 35 46 24 18 13 52 36 51 50 20 31 13 30 42 47 52 19 26 50 36 19 20 34 49 19 50 26 32
H 38 23 36 16 40 54 20 36 17 48 19 31 24 35 18 19 23 48 20 35 16 26 53 40 27 18 49 21 36 49
H 17 52 22 57 19 50 32 21 37 25 48 18 23 22 18 26 49 22 49 35 51 23 48 19 34 51 20 52 16 46
H 19 52 22 35 20 36 44 34 16 33 18 51 36 20 22 50 20 21 49 34 18 36 19 40 34 48 47 17 38 24
H 51 38 45 36 46 34 50 19 23 51 17 52 38 17 34 21 37 53 47 19 35 55 51 51 52 17 39 37 49 49
H 38 18 21 34 26 31 20 46 53 20 23 20 52 12 43 32 35 23 35 41 49 37 35 17 30 50 50 38 23 37
H 16 20 32 49 22 33 47 34 22 35 49 15 50 31 51 53 51 25 48 18 21 31 23 53 23 51 30 20 46 24
H 52 20 24 42 48 19 33 48 20 35 18 50 53 24 52 33 19 22 38 34 36 20 21 47 14 52 52 19 52 21
H 32 51 43 47 14 33 36 22 49 16 50 34 18 19 49 51 21 21 31 23 35 25 49 36 35 47 23 22 32 35
H 50 21 40 20 48 50 23 56 31 14 32 18 21 15 33 22 34 19 54 17 24 34 48 18 50 35 25 34 17 23
H 20 20 23 41 22 36 20 37 24 53 20 22 36 47 34 21 23 37 48 15 52 19 51 20 23 21 22 25 32 50
H 37 22 31 55 48 22 33 48 16 18 49 50 37 52 34 51 16 35 35 36 23 47 47 24 16 24 46 19 49 50
H 46 21 21 19 30 50 22 49 51 19 52 51 47 16 19 33 53 23 46 37 33 50 51 53 47 19 22 54 54 24
H 24 48 25 29 49 18 21 48 25 39 18 55 19 23 51 19 20 38 26 24 48 39 17 57 20 19 20 16 46 47
H 48 21 38 19 23 50 35 39 32 23 37 21 54 48 52 20 16 51 22 51 34 51 21 39 39 53 57 19 29 20
H 51 35 21 47 23 54 19 22 50 38 49 38 18 37 17 53 21 33 20 21 51 38 31 24 51 20 25 22 49 26
H 53 48 54 49 35 23 50 50 52 27 34 49 30 30 37 50 51 22 21 37 55 16 33 50 19 37 50 22 40 21
G 40 49 19 20 16 18 46 52 24 21 52 24 20 52 32 33 22 37 36 50 21 31 37 44 26 52 20 48 19 49
G 46 53 19 50 21 50 22 24 49 23 19 20 50 18 22 14 55 40 52 23 22 24 19 37 38 53 44 21 53 24
G 20 35 37 54 55 19 55 30 55 19 33 21 15 33 45 31 33 33 38 17 25 18 47 50 49 40 36 37 17 45
G 21 48 35 21 23 46 49 37 51 28 49 54 34 19 13 18 44 55 38 41 43 34 33 53 37 41 25 46 42 32
G 23 53 17 16 49 21 34 42 37 40 54 23 54 16 18 35 48 19 49 18 47 34 34 34 52 39 35 54 16 53
G 13 47 36 38 47 49 51 48 19 34 18 18 50 33 18 53 23 18 19 20 17 50 38 40 20 22 21 36 52 48
G 39 11 36 18 18 38 52 18 32 23 50 19 36 33 36 49 51 21 21 37 19 48 36 15 38 32 43 34 32 53
G 14 24 53 35 22 47 49 23 38 23 24 51 36 35 54 19 39 30 45 22 33 17 47 25 18 40 45 36 17 16
G 37 47 43 33 32 52 39 35 38 16 17 45 23 21 32 52 54 22 45 34 19 49 19 19 28 52 19 51 12 26
G 51 22 49 52 20 47 49 22 18 29 18 19 35 25 36 53 22 29 44 39 38 36 37 42 50 54 51 19 47 53
G 18 22 21 50 20 54 23 47 16 19 48 25 20 51 32 38 22 20 49 21 24 20 25 53 17 20 34 14 34 45
G 35 48 27 19 49 22 34 36 33 46 32 46 36 53 53 50 31 35 32 50 47 18 48 24 57 22 18 22 35 21
G 35 41 37 38 34 35 17 16 19 18 49 53 23 52 54 36 33 47 22 52 35 35 49 30 54 50 49 19 45 36
G 36 21 30 52 56 22 36 33 30 51 26 53 33 46 15 20 17 25 53 51 22 18 20 49 16 56 53 34 50 53
G 49 21 17 45 19 18 36 33 35 36 19 35 35 22 24 53 48 26 52 17 18 35 50 19 38 33 51 18 39 19
G 19 23 52 31 48 27 52 46 29 20 33 51 17 34 34 50 19 22 20 19 21 22 19 46 37 50 34 39 48 19
G 35 48 34 37 16 35 30 32 33 34 38 36 48 31 48 22 18 50 18 18 48 37 35 40 49 34 46 31 18 19
G 35 37 37 36 29 37 54 20 45 22 20 35 32 35 51 25 39 48 19 51 33 36 25 52 39 23 36 57 52 20
G 53 17 34 52 20 36 36 34 35 32 37 32 33 38 49 50 35 21 32 52 35 51 21 33 45 38 33 39 33 32
G 32 23 49 28 52 36 36 33 32 47 18 48 36 37 36 50 16 52 26 24 19 47 35 49 17 17 36 40 51 49
G 51 54 36 50 17 50 23 48 23 15 48 48 51 50 19 19 25 37 39 33 24 56 25 53 19 33 20 17 54 17
G 33 34 51 34 20 17 45 49 40 56 52 17 17 48 20 21 53 19 13 24 18 14 20 18 16 34 46 18 52 35
G 32 46 20 20 37 33 51 27 38 23 32 37 36 34 21 39 36 35 33 19 35 31 27 43 50 18 52 32 34 37
G 18 23 34 39 52 51 34 36 52 17 48 38 31 35 51 39 41 38 26 21 21 48 45 39 18 48 28 39 49 47
G 20 33 36 33 50 20 37 31 52 49 34 48 17 51 55 54 45 17 54 19 48 48 19 19 54 54 39 56 34 47
G 23 20 45 37 34 46 18 34 54 37 30 21 21 53 33 34 33 53 19 24 46 33 48 20 19 52 15 34 51 38
G 21 21 52 55 49 35 35 20 21 46 44 36 37 18 34 33 34 51 36 40 18 17 54 49 33 37 19 39 46 22
G 46 21 24 53 18 32 39 37 52 23 31 50 12 50 48 52 24 51 23 18 50 49 34 33 33 35 35 53 35 41
G 35 22 30 52 21 20 35 30 51 33 36 47 18 45 34 21 34 16 27 15 40 54 32 48 19 20 18 49 18 54
G 22 19 50 20 52 23 17 51 21 52 50 31 37 51 17 51 31 17 48 22 49 35 35 44 29 29 37 34 33 35
G 36 38 37 18 46 19 53 53 24 20 53 19 50 52 32 47 17 37 37 35 55 20 49 18 49 21 50 50 30 21
G 35 36 47 25 16 50 49 21 36 34 49 15 50 19 19 47 38 50 14 52 39 52 17 46 18 33 35 21 48 16
G 21 33 28 50 25 52 39 20 33 52 50 20 40 31 52 25 24 21 18 52 33 19 36 34 36 15 13 23 53 36
G 33 56 54 23 16 25 51 23 37 36 39 33 50 19 22 49 18 22 33 22 17 24 21 38 49 20 51 47 33 33
G 29 37 29 34 39 47 21 28 52 26 23 48 53 21 49 32 51 20 49 40 36 49 49 20 23 48 20 46 18 17
G 31 21 18 23 56 18 16 50 23 17 19 38 34 46 38 35 24 46 20 53 50 19 13 19 40 51 40 45 18 50
G 50 27 53 18 14 21 50 18 19 46 24 50 38 31 36 18 53 20 52 35 35 30 44 37 54 18 49 26 52 22
G 38 46 22 48 53 20 34 42 21 22 23 20 20 19 22 23 49 20 48 47 31 36 20 48 22 47 18 16 35 52
G 32 45 32 23 46 35 32 31 35 50 48 46 15 54 18 54 37 33 55 33 16 16 22 52 21 26 50 37 48 51
G 35 34 45 39 23 51 22 34 45 17 53 22 20 25 25 17 49 17 49 30 50 31 34 19 50 30 40 52 39 18
G 46 18 20 20 52 21 51 22 21 48 51 33 47 15 17 18 21 19 23 37 37 18 46 50 20 43 39 23 36 38
G 36 43 52 22 31 36 48 46 24 39 35 37 35 46 46 15 22 45 23 17 35 37 23 29 37 38 15 49 35 36
G 18 18 50 21 21 20 49 15 17 24 49 20 19 51 15 35 51 35 28 52 26 25 16 37 50 21 38 31 32 37
G 23 50 21 22 47 17 34 47 51 29 48 54 35 18 34 43 50 18 17 21 51 52 35 48 17 16 36 36 48 37
G 50 19 43 38 38 42 38 38 33 30 20 51 19 17 55 25 16 39 42 41 34 53 51 31 41 34 51 19 19 48
G 55 47 40 50 54 35 40 34 37 35 35 34 51 15 49 19 19 48 44 54 18 51 17 14 21 48 17 51 49 18
G 34 39 54 21 48 36 35 15 46 36 32 35 35 33 19 52 20 51 39 32 35 48 16 37 37 33 56 24 20 53
G 48 34 33 49 51 33 47 20 21 20 23 24 22 21 35 18 52 32 44 20 16 15 48 34 37 34 37 38 39 29
G 24 19 38 48 17 20 56 36 38 52 33 47 19 46 27 47 50 47 45 33 19 29 16 18 53 34 18 50 24 34
G 34 33 48 23 22 51 16 22 32 20 46 22 51 23 47 37 33 36 37 47 26 16 29 21 52 25 37 49 24 54
G 37 46 51 46 32 33 54 20 51 32 32 46 48 37 31 35 49 52 22 22 19 40 20 53 19 18 33 48 27 19
G 21 52 33 32 35 34 36 25 22 56 50 14 18 33 35 18 50 55 17 50 16 17 21 40 39 23 17 22 50 32
G 36 32 53 20 50 18 37 21 49 15 16 32 34 50 23 20 45 25 51 32 35 38 50 36 30 49 46 34 31 38
G 44 32 32 24 23 54 23 49 19 31 30 20 17 53 22 42 20 25 48 21 35 52 16 43 48 38 31 51 50 21
G 49 46 35 31 31 31 45 50 33 47 53 52 25 50 32 20 17 16 14 18 38 49 33 32 35 38 49 21 38 48
G 17 17 22 52 22 38 46 37 50 31 40 44 32 23 49 18 47 37 49 46 37 32 50 34 32 38 37 30 36 32
G 35 51 49 16 51 34 53 16 20 20 16 52 22 48 34 17 45 37 34 37 17 35 20 35 52 19 50 21 20 35
G 51 37 52 22 43 21 51 20 21 19 15 24 25 50 21 20 25 49 17 52 20 15 49 46 19 41 53 23 36 50
G 21 46 21 31 34 47 45 33 54 19 48 49 15 49 29 53 49 35 36 39 39 32 32 36 55 48 38 35 48 37
G 19 19 47 34 35 33 49 37 32 38 47 24 43 33 32 50 50 47 55 22 35 36 50 39 38 49 39 50 30 37
G 46 48 35 37 46 22 21 52 17 19 19 23 32 21 44 34 24 20 14 47 28 48 39 36 50 24 48 19 19 49
G 24 50 37 37 48 34 46 34 33 25 55 54 24 45 53 22 17 51 27 54 24 49 16 42 53 15 46 34 34 32
G 37 37 44 22 45 19 24 37 40 36 25 20 13 35 56 22 55 13 17 34 36 32 35 51 15 37 53 51 23 50
G 23 28 20 53 32 46 28 36 53 22 48 56 22 18 49 41 31 38 37 33 40 45 35 21 21 50 14 50 51 11
G 37 50 21 20 49 37 39 40 26 20 31 32 40 34 32 34 53 19 50 33 19 20 55 16 51 18 15 19 52 35
G 21 17 53 26 23 24 20 55 36 38 36 39 35 51 53 49 51 53 26 20 48 21 46 44 17 23 46 18 20 47
G 22 34 41 35 36 40 20 34 41 48 21 32 33 34 21 37 34 24 15 41 52 51 53 51 24 52 26 47 22 15
G 38 32 39 53 38 32 54 33 45 30 33 35 48 19 16 21 18 33 43 37 34 54 52 35 37 33 50 33 52 47
G 48 22 40 35 47 48 18 16 33 22 27 19 36 40 53 18 28 25 20 22 49 23 50 33 38 35 33 54 57 49
G 25 52 47 48 46 37 38 21 56 48 18 34 20 56 22 48 23 54 22 32 37 20 26 18 53 46 35 36 35 36
G 47 46 50 48 20 24 23 38 39 20 22 52 20 17 24 21 18 49 38 49 19 46 47 19 26 51 18 35 35 40
G 38 38 29 30 38 50 40 54 18 20 52 20 46 16 54 38 51 28 21 51 25 37 43 36 52 19 52 22 36 32
G 34 18 19 51 55 50 54 32 19 48 21 46 33 16 34 37 49 16 50 26 51 35 50 18 49 49 17 24 35 37
G 36 33 46 56 19 13 50 49 27 36 37 35 34 37 21 19 50 24 50 35 36 37 31 42 42 34 34 46 34 22
G 20 16 42 36 50 35 45 24 52 19 50 37 37 38 49 23 18 37 50 21 44 20 33 31 29 35 47 22 39 22
G 50 24 52 16 48 45 18 18 40 31 14 50 18 48 21 25 26 51 20 50 23 52 21 53 51 36 33 47 20 53
G 50 35 48 47 19 23 35 16 52 22 46 53 47 26 51 24 27 27 55 24 20 19 47 30 51 51 22 46 37 33
G 20 20 15 21 48 34 35 54 19 25 34 32 21 20 34 21 17 19 15 51 39 36 51 52 47 18 51 33 38 50
G 18 47 21 55 24 56 38 33 20 13 33 55 24 23 22 25 21 49 17 49 15 51 51 35 31 33 19 38 18 31
G 16 33 36 15 49 52 35 35 33 36 50 21 22 23 23 15 15 19 32 35 56 21 34 20 21 24 35 39 16 40
